# Nota: C-Order, 1 refers to the Y axis, 2 to the X axis 
# Calibration done at Thu Jun 17 14:01:07 2021
poni_version: 2
Detector: Detector
Detector_config: {"pixel1": 0.000296, "pixel2": 0.000296, "max_shape": null}
Distance: 1.1938751295032863
Poni1: 0.20400881974436716
Poni2: 0.2071244105177059
Rot1: -0.0030762351550252033
Rot2: 0.008780866784851585
Rot3: -8.885521060574558e-10
Wavelength: 1.393e-11
